
% Model name: WC_spinless 

% Model Hamilton:

%   1. term:   cp x c,  phase:    -1

%   1. term:
A_in = [...
    1     1    2231.678918392200
    3     1    -374.044931638100
    5     1     160.869686012600
    7     1     -92.952316417500
    9     1      61.729322864900
   11     1     -44.280940847800
   13     1      33.262218911600
   15     1     -25.711970666300
   17     1      20.241974928700
   19     1     -16.125024024200
   21     1      12.944815651300
   23     1     -10.444542664200
   25     1       8.455351159900
   27     1      -6.860033226300
   29     1       5.560100014100
   31     1      -4.313066432000
   33     1       4.385067010200
   35     1      -5.681385712100
    2     2    2231.678918392200
    4     2    -374.044931638100
    6     2     160.869686012600
    8     2     -92.952316417500
   10     2      61.729322864900
   12     2     -44.280940847800
   14     2      33.262218911600
   16     2     -25.711970666300
   18     2      20.241974928700
   20     2     -16.125024024200
   22     2      12.944815651300
   24     2     -10.444542664300
   26     2       8.455351294600
   28     2      -6.860186140800
   30     2       5.587961356000
   32     2      -4.881640585400
   34     2       5.289716394000
    1     3    -374.044931638100
    3     3    1772.336752057200
    5     3    -417.948591488600
    7     3     205.616730865500
    9     3    -127.711536201000
   11     3      88.514371601400
   13     3     -65.197111691700
   15     3      49.804260506100
   17     3     -38.919495157900
   19     3      30.857483559600
   21     3     -24.695985529300
   23     3      19.886195195000
   25     3     -16.077693717200
   27     3      13.032942686500
   29     3     -10.557246103300
   31     3       8.186454261200
   33     3      -8.321041755900
   35     3      10.776610576400
    2     4    -374.044931638100
    4     4    1772.336752057200
    6     4    -417.948591488600
    8     4     205.616730865500
   10     4    -127.711536201000
   12     4      88.514371601400
   14     4     -65.197111691700
   16     4      49.804260506100
   18     4     -38.919495157900
   20     4      30.857483559600
   22     4     -24.695985529200
   24     4      19.886195195100
   26     4     -16.077693973200
   28     4      13.033233178700
   30     4     -10.610141689800
   32     4       9.265362936100
   34     4     -10.036081300900
    1     5     160.869686012600
    3     5    -417.948591488600
    5     5    1385.511318025800
    7     5    -401.941170278500
    9     5     214.887426674300
   11     5    -139.859008006500
   13     5      99.727468980500
   15     5     -74.782886968900
   17     5      57.787547230900
   19     5     -45.496895450400
   21     5      36.249471240400
   23     5     -29.104961056800
   25     5      23.486384267800
   27     5     -19.014915908800
   29     5      15.390277305700
   31     5     -11.927922555200
   33     5      12.119697542400
   35     5     -15.687300076500
    2     6     160.869686012600
    4     6    -417.948591488600
    6     6    1385.511318025800
    8     6    -401.941170278500
   10     6     214.887426674300
   12     6    -139.859008006500
   14     6      99.727468980500
   16     6     -74.782886968900
   18     6      57.787547230900
   20     6     -45.496895450400
   22     6      36.249471240400
   24     6     -29.104961057000
   26     6      23.486384641800
   28     6     -19.015339691000
   30     6      15.467375207400
   32     6     -13.499345269600
   34     6      14.614319768500
    1     7     -92.952316417500
    3     7     205.616730865500
    5     7    -401.941170278500
    7     7    1064.270458858600
    9     7    -361.624903915100
   11     7     204.911985479000
   13     7    -137.797887873300
   15     7     100.240892069800
   17     7     -76.124952044200
   19     7      59.306567447000
   21     7     -46.941864443200
   23     7      37.531506154800
   25     7     -30.203691214500
   27     7      24.409792673600
   29     7     -19.733668691900
   31     7      15.282809485300
   33     7     -15.520649839800
   35     7      20.073089576500
    2     8     -92.952316417500
    4     8     205.616730865500
    6     8    -401.941170278500
    8     8    1064.270458858600
   10     8    -361.624903915100
   12     8     204.911985479000
   14     8    -137.797887873300
   16     8     100.240892069800
   18     8     -76.124952044200
   20     8      59.306567447000
   22     8     -46.941864443100
   24     8      37.531506155000
   26     8     -30.203691695300
   28     8      24.410336611700
   30     8     -19.832501274700
   32     8      17.295155429400
   34     8     -18.709199225800
    1     9      61.729322864900
    3     9    -127.711536201000
    5     9     214.887426674300
    7     9    -361.624903915100
    9     9     801.674037779800
   11     9    -312.036926963900
   13     9     184.899910307100
   15     9    -127.425868671800
   17     9      94.084334645600
   19     9     -72.123509085100
   21     9      56.530074013800
   23     9     -44.920939444100
   25     9      36.008701583200
   27     9     -29.027291416100
   29     9      23.427642468500
   31     9     -18.124538313500
   33     9      18.393425411700
   35     9     -23.761351723800
    2    10      61.729322864900
    4    10    -127.711536201000
    6    10     214.887426674300
    8    10    -361.624903915100
   10    10     801.674037779800
   12    10    -312.036926963900
   14    10     184.899910307100
   16    10    -127.425868671800
   18    10      94.084334645600
   20    10     -72.123509085100
   22    10      56.530074013800
   24    10     -44.920939444400
   26    10      36.008702156400
   28    10     -29.027938114900
   30    10      23.544935819200
   32    10     -20.509287161500
   34    10      22.161974198400
    1    11     -44.280940847800
    3    11      88.514371601400
    5    11    -139.859008006500
    7    11     204.911985479000
    9    11    -312.036926963900
   11    11     590.836188988400
   13    11    -260.785479316600
   15    11     160.407813579500
   17    11    -112.748090253700
   19    11      84.231972264300
   21    11     -65.048169003700
   23    11      51.225837111700
   25    11     -40.831126912800
   27    11      32.795802592700
   29    11     -26.407160778000
   31    11      20.399444034400
   33    11     -20.681331514200
   35    11      26.674464806700
    2    12     -44.280940847800
    4    12      88.514371601400
    6    12    -139.859008006500
    8    12     204.911985479000
   10    12    -312.036926963900
   12    12     590.836188988400
   14    12    -260.785479316600
   16    12     160.407813579500
   18    12    -112.748090253700
   20    12      84.231972264300
   22    12     -65.048169003600
   24    12      51.225837111900
   26    12     -40.831127562700
   28    12      32.796533034600
   30    12     -26.539308005100
   32    12      23.080706359300
   34    12     -24.902664293300
    1    13      33.262218911600
    3    13     -65.197111691700
    5    13      99.727468980500
    7    13    -137.797887873300
    9    13     184.899910307100
   11    13    -260.785479316600
   13    13     425.003279085600
   15    13    -211.952667390800
   17    13     134.811660788000
   19    13     -96.382688049400
   21    13      72.724561832000
   23    13     -56.507881461300
   25    13      44.674873479500
   27    13     -35.699412560300
   29    13      28.650827339400
   31    13     -22.087235052500
   33    13      22.361374886400
   35    13     -28.778241527200
    2    14      33.262218911600
    4    14     -65.197111691700
    6    14      99.727468980500
    8    14    -137.797887873300
   10    14     184.899910307100
   12    14    -260.785479316600
   14    14     425.003279085600
   16    14    -211.952667390800
   18    14     134.811660788000
   20    14     -96.382688049500
   22    14      72.724561832000
   24    14     -56.507881461600
   26    14      44.674874190300
   28    14     -35.700207338800
   30    14      28.794105807800
   32    14     -24.986112480100
   34    14      26.901824457600
    1    15     -25.711970666300
    3    15      49.804260506100
    5    15     -74.782886968900
    7    15     100.240892069800
    9    15    -127.425868671800
   11    15     160.407813579500
   13    15    -211.952667390800
   15    15     297.639847666100
   17    15    -167.712149908500
   19    15     110.133376583900
   21    15     -79.984555909700
   23    15      60.895112915100
   25    15     -47.576116717800
   27    15      37.743424513700
   29    15     -30.153527711300
   31    15      23.180264983000
   33    15     -23.423603493200
   35    15      30.056185003700
    2    16     -25.711970666300
    4    16      49.804260506100
    6    16     -74.782886968900
    8    16     100.240892069800
   10    16    -127.425868671800
   12    16     160.407813579500
   14    16    -211.952667390800
   16    16     297.639847666100
   18    16    -167.712149908500
   20    16     110.133376583900
   22    16     -79.984555909600
   24    16      60.895112915400
   26    16     -47.576117474500
   28    16      37.744264297900
   30    16     -30.304179850300
   32    16      26.216528165700
   34    16     -28.145988593700
    1    17      20.241974928700
    3    17     -38.919495157900
    5    17      57.787547230900
    7    17     -76.124952044200
    9    17      94.084334645600
   11    17    -112.748090253700
   13    17     134.811660788000
   15    17    -167.712149908500
   17    17     202.515167584800
   19    17    -129.123944676600
   21    17      87.537964114500
   23    17     -64.558814922800
   25    17      49.576198908400
   27    17     -38.934323629500
   29    17      30.912433878100
   31    17     -23.674015381500
   33    17      23.862425063200
   35    17     -30.500408755200
    2    18      20.241974928700
    4    18     -38.919495157900
    6    18      57.787547230900
    8    18     -76.124952044200
   10    18      94.084334645600
   12    18    -112.748090253700
   14    18     134.811660788000
   16    18    -167.712149908500
   18    18     202.515167584800
   20    18    -129.123944676600
   22    18      87.537964114500
   24    18     -64.558814923200
   26    18      49.576199696400
   28    18     -38.935189186100
   30    18      31.066680254100
   32    18     -26.766656575800
   34    18      28.627998881100
    1    19     -16.125024024200
    3    19      30.857483559600
    5    19     -45.496895450400
    7    19      59.306567447000
    9    19     -72.123509085100
   11    19      84.231972264300
   13    19     -96.382688049400
   15    19     110.133376583900
   17    19    -129.123944676600
   19    19     133.784564918000
   21    19     -96.566719080200
   23    19      67.641083970400
   25    19     -50.678299603100
   27    19      39.257992478800
   29    19     -30.916417843800
   31    19      23.562158226900
   33    19     -23.673736764700
   35    19      30.111998322800
    2    20     -16.125024024200
    4    20      30.857483559600
    6    20     -45.496895450400
    8    20      59.306567447000
   10    20     -72.123509085100
   12    20      84.231972264300
   14    20     -96.382688049500
   16    20     110.133376583900
   18    20    -129.123944676600
   20    20     133.784564918100
   22    20     -96.566719080100
   24    20      67.641083970700
   26    20     -50.678300407900
   28    20      39.258864232500
   30    20     -31.070424387300
   32    20      26.629593014800
   34    20     -28.345121633000
    1    21      12.944815651300
    3    21     -24.695985529300
    5    21      36.249471240400
    7    21     -46.941864443200
    9    21      56.530074013800
   11    21     -65.048169003700
   13    21      72.724561832000
   15    21     -79.984555909700
   17    21      87.537964114500
   19    21     -96.566719080200
   21    21      86.061643508400
   23    21     -69.989005682500
   25    21      50.702650218600
   27    21     -38.629406649300
   29    21      30.128103412900
   31    21     -22.830758118700
   33    21      22.853596375600
   35    21     -28.906435678600
    2    22      12.944815651300
    4    22     -24.695985529200
    6    22      36.249471240400
    8    22     -46.941864443100
   10    22      56.530074013800
   12    22     -65.048169003600
   14    22      72.724561832000
   16    22     -79.984555909600
   18    22      87.537964114500
   20    22     -96.566719080100
   22    22      86.061643508300
   24    22     -69.989005682800
   26    22      50.702651022700
   28    22     -38.630263240700
   30    22      30.277880844000
   32    22     -25.790958426500
   34    22      27.300386581900
    1    23     -10.444542664200
    3    23      19.886195195000
    5    23     -29.104961056800
    7    23      37.531506154800
    9    23     -44.920939444100
   11    23      51.225837111700
   13    23     -56.507881461300
   15    23      60.895112915100
   17    23     -64.558814922800
   19    23      67.641083970400
   21    23     -69.989005682500
   23    23      54.479524357400
   25    23     -49.061967468500
   27    23      36.749888156200
   29    23     -28.441001480900
   31    23      21.445902466800
   33    23     -21.395420638500
   35    23      26.921700779000
    2    24     -10.444542664300
    4    24      19.886195195100
    6    24     -29.104961057000
    8    24      37.531506155000
   10    24     -44.920939444400
   12    24      51.225837111900
   14    24     -56.507881461600
   16    24      60.895112915400
   18    24     -64.558814923200
   20    24      67.641083970700
   22    24     -69.989005682800
   24    24      54.479524358100
   26    24     -49.061968239500
   28    24      36.750702215700
   30    24     -28.582159321200
   32    24      24.216545866700
   34    24     -25.504473896500
    1    25       8.455351159900
    3    25     -16.077693717200
    5    25      23.486384267800
    7    25     -30.203691214500
    9    25      36.008701583200
   11    25     -40.831126912800
   13    25      44.674873479500
   15    25     -47.576116717800
   17    25      49.576198908400
   19    25     -50.678299603100
   21    25      50.702650218600
   23    25     -49.061967468500
   25    25      34.740793899100
   27    25     -33.274946518500
   29    25      25.595698478000
   31    25     -19.329684977200
   33    25      19.284588322200
   35    25     -24.228097115000
    2    26       8.455351294600
    4    26     -16.077693973200
    6    26      23.486384641800
    8    26     -30.203691695300
   10    26      36.008702156400
   12    26     -40.831127562700
   14    26      44.674874190300
   16    26     -47.576117474500
   18    26      49.576199696400
   20    26     -50.678300407900
   22    26      50.702651022700
   24    26     -49.061968239500
   26    26      34.740795787800
   28    26     -33.275668223900
   30    26      25.722876501100
   32    26     -21.828608339900
   34    26      22.977663038000
    1    27      -6.860033226300
    3    27      13.032942686500
    5    27     -19.014915908800
    7    27      24.409792673600
    9    27     -29.027291416100
   11    27      32.795802592700
   13    27     -35.699412560300
   15    27      37.743424513700
   17    27     -38.934323629500
   19    27      39.257992478800
   21    27     -38.629406649300
   23    27      36.749888156200
   25    27     -33.274946518500
   27    27      23.156071069900
   29    27     -21.947396521900
   31    27      16.373399698000
   33    27     -16.501760002700
   35    27      20.940637980100
    2    28      -6.860186140800
    4    28      13.033233178700
    6    28     -19.015339691000
    8    28      24.410336611700
   10    28     -29.027938114900
   12    28      32.796533034600
   14    28     -35.700207338800
   16    28      37.744264297900
   18    28     -38.935189186100
   20    28      39.258864232500
   22    28     -38.630263240700
   24    28      36.750702215700
   26    28     -33.275668223900
   28    28      23.157806491400
   30    28     -22.050825200500
   32    28      18.516288723400
   34    28     -19.759373886800
    1    29       5.560100014100
    3    29     -10.557246103300
    5    29      15.390277305700
    7    29     -19.733668691900
    9    29      23.427642468500
   11    29     -26.407160778000
   13    29      28.650827339400
   15    29     -30.153527711300
   17    29      30.912433878100
   19    29     -30.916417843800
   21    29      30.128103412900
   23    29     -28.441001480900
   25    29      25.595698478000
   27    29     -21.947396521900
   29    29      16.551588841000
   31    29     -13.930196308700
   33    29      13.137341047200
   35    29     -17.200358666000
    2    30       5.587961356000
    4    30     -10.610141689800
    6    30      15.467375207400
    8    30     -19.832501274700
   10    30      23.544935819200
   12    30     -26.539308005100
   14    30      28.794105807800
   16    30     -30.304179850300
   18    30      31.066680254100
   20    30     -31.070424387300
   22    30      30.277880844000
   24    30     -28.582159321200
   26    30      25.722876501100
   28    30     -22.050825200500
   30    30      16.807226472500
   32    30     -15.487749860500
   34    30      16.024143002200
    1    31      -4.313066432000
    3    31       8.186454261200
    5    31     -11.927922555200
    7    31      15.282809485300
    9    31     -18.124538313500
   11    31      20.399444034400
   13    31     -22.087235052500
   15    31      23.180264983000
   17    31     -23.674015381500
   19    31      23.562158226900
   21    31     -22.830758118700
   23    31      21.445902466800
   25    31     -19.329684977200
   27    31      16.373399698000
   29    31     -13.930196308700
   31    31      11.318501251700
   33    31     -11.204705323400
   35    31      12.835607515300
    2    32      -4.881640585400
    4    32       9.265362936100
    6    32     -13.499345269600
    8    32      17.295155429400
   10    32     -20.509287161500
   12    32      23.080706359300
   14    32     -24.986112480100
   16    32      26.216528165700
   18    32     -26.766656575800
   20    32      26.629593014800
   22    32     -25.790958426500
   24    32      24.216545866700
   26    32     -21.828608339900
   28    32      18.516288723400
   30    32     -15.487749860500
   32    32      15.611560874300
   34    32     -13.690717249900
    1    33       4.385067010200
    3    33      -8.321041755900
    5    33      12.119697542400
    7    33     -15.520649839800
    9    33      18.393425411700
   11    33     -20.681331514200
   13    33      22.361374886400
   15    33     -23.423603493200
   17    33      23.862425063200
   19    33     -23.673736764700
   21    33      22.853596375600
   23    33     -21.395420638500
   25    33      19.284588322200
   27    33     -16.501760002700
   29    33      13.137341047200
   31    33     -11.204705323400
   33    33      14.790261042900
   35    33     -12.563260815400
    2    34       5.289716394000
    4    34     -10.036081300900
    6    34      14.614319768500
    8    34     -18.709199225800
   10    34      22.161974198400
   12    34     -24.902664293300
   14    34      26.901824457600
   16    34     -28.145988593700
   18    34      28.627998881100
   20    34     -28.345121633000
   22    34      27.300386581900
   24    34     -25.504473896500
   26    34      22.977663038000
   28    34     -19.759373886800
   30    34      16.024143002200
   32    34     -13.690717249900
   34    34      21.965872107400
    1    35      -5.681385712100
    3    35      10.776610576400
    5    35     -15.687300076500
    7    35      20.073089576500
    9    35     -23.761351723800
   11    35      26.674464806700
   13    35     -28.778241527200
   15    35      30.056185003700
   17    35     -30.500408755200
   19    35      30.111998322800
   21    35     -28.906435678600
   23    35      26.921700779000
   25    35     -24.228097115000
   27    35      20.940637980100
   29    35     -17.200358666000
   31    35      12.835607515300
   33    35     -12.563260815400
   35    35      26.456440323900
];
